camera_matrix:
  rows: 3
  cols: 3
  data: [9.99875079e+02, 0.00000000e+00, 2.84181111e+02, 0.00000000e+00, 1.05761085e+03, 2.59560322e+02, 0.00000000e+00, 0.00000000e+00, 1.00000000e+00]

distortion_coefficients:
  rows: 1
  cols: 5
  data: [-1.25427190e-01, 5.35958700e-02, -1.85944000e-03, 5.57430000e-04, 1.29613900e-02]

reprojection_error: 0.3722503898097512

ideal_distortion_coefficients: [0, 0, 0, 0, 0]
actual_distortion_coefficients: [-1.25427190e-01, 5.35958700e-02, -1.85944000e-03, 5.57430000e-04, 1.29613900e-02]

